# name: x
# type: matrix
# rows: 900
# columns: 2
0.0 0.36754068716094035
0.0005561735261401557 0.4282101169271865
0.0011123470522803114 0.4888795466934327
0.001668520578420467 0.5495489764596788
0.002224694104560623 0.6192915525991306
0.0027808676307007787 0.6890952273673581
0.003337041156840934 0.7588989021355856
0.00389321468298109 0.7923576929962365
0.004449388209121246 0.8253236718716999
0.005005561735261402 0.8582896507471633
0.0055617352614015575 0.8749376441977926
0.006117908787541713 0.8912514809503024
0.006674082313681868 0.9075653177028121
0.007230255839822024 0.9377809782619627
0.00778642936596218 0.9683788195443199
0.008342602892102336 0.998976660826677
0.008898776418242492 0.9975294027722182
0.009454949944382647 0.9949733177510877
0.010011123470522803 0.9924172327299571
0.010567296996662959 0.9424869555684736
0.011123470522803115 0.89057587594816
0.01167964404894327 0.8386647963278465
0.012235817575083427 0.7711679090892631
0.012791991101223582 0.702905403230835
0.013348164627363737 0.634642897372407
0.013904338153503892 0.601602619547136
0.014460511679644048 0.5705537044375205
0.015016685205784204 0.5395047893279051
0.01557285873192436 0.5358339686249741
0.016129032258064516 0.5339169048591261
0.01668520578420467 0.5319998410932782
0.017241379310344827 0.5114228035168672
0.017797552836484983 0.48950813340923305
0.01835372636262514 0.46759346330159884
0.018909899888765295 0.44212677538032
0.01946607341490545 0.41637797774099006
0.020022246941045607 0.39062918010166003
0.020578420467185762 0.3984154837502791
0.021134593993325918 0.4091284871476646
0.021690767519466074 0.4198414905450501
0.02224694104560623 0.4689251871176937
0.022803114571746386 0.5216632354213142
0.02335928809788654 0.5744012837249347
0.023915461624026697 0.6354522656276718
0.024471635150166853 0.6973621484188783
0.02502780867630701 0.7592720312100849
0.025583982202447165 0.7879726720668133
0.02614015572858732 0.8129696799940461
0.026696329254727473 0.8379666879212787
0.02725250278086763 0.8222474942019161
0.027808676307007785 0.8016484560904521
0.02836484983314794 0.7810494179789881
0.028921023359288096 0.7494563982081759
0.029477196885428252 0.7164528298471077
0.030033370411568408 0.6834492614860394
0.030589543937708564 0.6576205076164595
0.03114571746384872 0.6327738576316462
0.03170189098998888 0.6079272076468326
0.03225806451612903 0.5947288980925158
0.03281423804226919 0.5832265154974282
0.03337041156840934 0.5717241329023407
0.0339265850945495 0.568166583525597
0.034482758620689655 0.5658360354180957
0.035038932146829814 0.5635054873105942
0.035595105672969966 0.5590102122712195
0.03615127919911012 0.5541611686281924
0.03670745272525028 0.5493121249851654
0.03726362625139043 0.5470277151426036
0.03781979977753059 0.5451858303479654
0.03837597330367074 0.5433439455533272
0.0389321468298109 0.5458595495899603
0.039488320355951054 0.549167424323188
0.04004449388209121 0.5524752990564159
0.040600667408231365 0.5537320953359871
0.041156840934371525 0.554596653504899
0.04171301446051168 0.5554612116738108
0.042269187986651836 0.5566388060271912
0.04282536151279199 0.5578792590521515
0.04338153503893215 0.559119712077112
0.0439377085650723 0.5586212428114823
0.04449388209121246 0.5577566846425706
0.04505005561735261 0.5568921264736587
0.04560622914349277 0.5635121503297819
0.046162402669632924 0.5717818371628512
0.04671857619577308 0.5800515239959209
0.047274749721913235 0.5807755301751796
0.047830923248053395 0.5797606140638483
0.04838709677419355 0.5787456979525171
0.048943270300333706 0.5658843108778692
0.04949944382647386 0.5501719058950372
0.05005561735261402 0.5344595009122051
0.05061179087875417 0.5197686750598918
0.05116796440489433 0.505334312587625
0.05172413793103448 0.49089995011535825
0.05228031145717464 0.4929720233653226
0.052836484983314794 0.499362235918149
0.053392658509454946 0.5057524484709753
0.053948832035595105 0.5198535342665248
0.05450500556173526 0.53605460256222
0.05506117908787542 0.5522556708579154
0.05561735261401557 0.5630376930766956
0.05617352614015573 0.5722847065354916
0.05672969966629588 0.5815317199942873
0.05728587319243604 0.5816309109780406
0.05784204671857619 0.5790372364713052
0.05839822024471635 0.5764435619645698
0.058954393770856504 0.5693299718192003
0.059510567296996664 0.5608347480725017
0.060066740823136816 0.5523395243258031
0.060622914349276975 0.5426457114294163
0.06117908787541713 0.5325717292873134
0.06173526140155729 0.5224977471452106
0.06229143492769744 0.5022406602071421
0.06284760845383759 0.47863446324728925
0.06340378197997776 0.45502826628743587
0.06395995550611791 0.419254893421865
0.06451612903225806 0.3793348597095024
0.06507230255839822 0.3394148259971399
0.06562847608453838 0.3085800075229254
0.06618464961067853 0.2809517356033525
0.06674082313681869 0.25332346368377956
0.06729699666295884 0.24248977163696053
0.067853170189099 0.23779108593635276
0.06840934371523916 0.23309240023574512
0.06896551724137931 0.24702640768223497
0.06952169076751946 0.26800134064974745
0.07007786429365963 0.2889762736172605
0.07063403781979978 0.322817119483775
0.07119021134593993 0.3616846475992014
0.07174638487208009 0.40055217571462787
0.07230255839822024 0.4446681514723009
0.0728587319243604 0.49090321876628124
0.07341490545050056 0.5371382860602604
0.07397107897664071 0.5720465978875463
0.07452725250278086 0.6022309548282496
0.07508342602892103 0.6324153117689536
0.07563959955506118 0.6468609888021047
0.07619577308120133 0.6545292438654964
0.07675194660734148 0.6621974989288881
0.07730812013348165 0.6640364922246338
0.0778642936596218 0.6632847025125366
0.07842046718576196 0.6625329128004394
0.07897664071190211 0.6553638813067364
0.07953281423804227 0.6452523096790285
0.08008898776418243 0.6351407380513209
0.08064516129032258 0.6134172840226333
0.08120133481646273 0.5862024964447139
0.0817575083426029 0.5589877088667937
0.08231368186874305 0.5298271939687859
0.0828698553948832 0.49971801599929205
0.08342602892102335 0.4696088380297983
0.08398220244716352 0.45218365996375304
0.08453837597330367 0.44113235119592387
0.08509454949944383 0.4300810424280947
0.08565072302558398 0.4298030813823677
0.08620689655172414 0.4351031988526533
0.0867630700778643 0.4404033163229388
0.08731924360400445 0.4523959965563506
0.0878754171301446 0.46795804359676313
0.08843159065628477 0.483520090637176
0.08898776418242492 0.49811159978839276
0.08954393770856507 0.5121700674046108
0.09010011123470522 0.5262285350208289
0.09065628476084538 0.5471784502370525
0.09121245828698554 0.5720251002218664
0.0917686318131257 0.5968717502066796
0.09232480533926585 0.6180117500457613
0.092880978865406 0.6369944402762161
0.09343715239154617 0.6559771305066714
0.09399332591768632 0.6608073165482241
0.09454949944382647 0.6571611364445525
0.09510567296996662 0.653514956340881
0.09566184649610679 0.643565937237879
0.09621802002224694 0.6297330065352903
0.0967741935483871 0.6159000758327016
0.09733036707452725 0.6031024274510358
0.09788654060066741 0.5909610236006654
0.09844271412680757 0.5788196197502953
0.09899888765294772 0.5704100095142886
0.09955506117908787 0.5644332813031157
0.10011123470522804 0.5584565530919425
0.10066740823136819 0.5561928866110023
0.10122358175750834 0.5564184235246316
0.1017797552836485 0.5566439604382607
0.10233592880978866 0.5606078282680979
0.10289210233592881 0.5671483987633437
0.10344827586206896 0.5736889692585895
0.10400444938820912 0.5804275445693124
0.10456062291434928 0.5873064204350021
0.10511679644048944 0.5941852963006917
0.10567296996662959 0.5984542801223782
0.10622914349276974 0.6008224177154845
0.10678531701890989 0.6031905553085908
0.10734149054505006 0.5989804072035031
0.10789766407119021 0.5898461622015219
0.10845383759733036 0.5807119171995405
0.10901001112347052 0.5747646068466671
