# name: x
# type: matrix
# rows: 900
# columns: 2
0.0 3.3781810861211574
0.0005561735261401557 2.5
0.0011123470522803114 3.3781810861211574
0.001668520578420467 3.3781810861211574
0.002224694104560623 3.3781810861211574
0.0027808676307007787 3.3781810861211574
0.003337041156840934 3.3781810861211574
0.00389321468298109 4.282387234528972
0.004449388209121246 4.282387234528972
0.005005561735261402 4.282387234528972
0.0055617352614015575 4.282387234528972
0.006117908787541713 4.282387234528972
0.006674082313681868 2.5
0.007230255839822024 4.742069326011723
0.00778642936596218 4.742069326011723
0.008342602892102336 4.742069326011723
0.008898776418242492 4.742069326011723
0.009454949944382647 2.5
0.010011123470522803 4.99163926175256
0.010567296996662959 4.99163926175256
0.011123470522803115 4.99163926175256
0.01167964404894327 4.99163926175256
0.012235817575083427 4.99163926175256
0.012791991101223582 4.540243842615967
0.013348164627363737 4.540243842615967
0.013904338153503892 4.540243842615967
0.014460511679644048 4.540243842615967
0.015016685205784204 4.540243842615967
0.01557285873192436 2.5
0.016129032258064516 3.842739397093566
0.01668520578420467 3.842739397093566
0.017241379310344827 3.842739397093566
0.017797552836484983 3.842739397093566
0.01835372636262514 3.842739397093566
0.018909899888765295 3.7050436432471177
0.01946607341490545 3.7050436432471177
0.020022246941045607 3.7050436432471177
0.020578420467185762 3.7050436432471177
0.021134593993325918 3.7050436432471177
0.021690767519466074 2.5
0.02224694104560623 3.5319757748651304
0.022803114571746386 3.5319757748651304
0.02335928809788654 3.5319757748651304
0.023915461624026697 3.5319757748651304
0.024471635150166853 2.5
0.02502780867630701 4.141534367130095
0.025583982202447165 4.141534367130095
0.02614015572858732 4.141534367130095
0.026696329254727473 4.141534367130095
0.02725250278086763 4.141534367130095
0.027808676307007785 4.5895138843490955
0.02836484983314794 4.5895138843490955
0.028921023359288096 4.5895138843490955
0.029477196885428252 4.5895138843490955
0.030033370411568408 4.5895138843490955
0.030589543937708564 2.5
0.03114571746384872 4.184935746023058
0.03170189098998888 4.184935746023058
0.03225806451612903 4.184935746023058
0.03281423804226919 4.184935746023058
0.03337041156840934 4.184935746023058
0.0339265850945495 3.9482371854426352
0.034482758620689655 3.9482371854426352
0.035038932146829814 3.9482371854426352
0.035595105672969966 3.9482371854426352
0.03615127919911012 3.9482371854426352
0.03670745272525028 2.5
0.03726362625139043 3.881259279982832
0.03781979977753059 3.881259279982832
0.03837597330367074 3.881259279982832
0.0389321468298109 3.881259279982832
0.039488320355951054 2.5
0.04004449388209121 3.867475544205235
0.040600667408231365 3.867475544205235
0.041156840934371525 3.867475544205235
0.04171301446051168 3.867475544205235
0.042269187986651836 3.867475544205235
0.04282536151279199 3.889555883841952
0.04338153503893215 3.889555883841952
0.0439377085650723 3.889555883841952
0.04449388209121246 3.889555883841952
0.04505005561735261 3.889555883841952
0.04560622914349277 2.5
0.046162402669632924 3.8951728343176164
0.04671857619577308 3.8951728343176164
0.047274749721913235 3.8951728343176164
0.047830923248053395 3.8951728343176164
0.04838709677419355 3.8951728343176164
0.048943270300333706 3.94853426133895
0.04949944382647386 3.94853426133895
0.05005561735261402 3.94853426133895
0.05061179087875417 3.94853426133895
0.05116796440489433 3.94853426133895
0.05172413793103448 2.5
0.05228031145717464 3.7510012204639676
0.052836484983314794 3.7510012204639676
0.053392658509454946 3.7510012204639676
0.053948832035595105 3.7510012204639676
0.05450500556173526 2.5
0.05506117908787542 3.8134780955444265
0.05561735261401557 3.8134780955444265
0.05617352614015573 3.8134780955444265
0.05672969966629588 3.8134780955444265
0.05728587319243604 3.8134780955444265
0.05784204671857619 3.958345097281337
0.05839822024471635 3.958345097281337
0.058954393770856504 3.958345097281337
0.059510567296996664 3.958345097281337
0.060066740823136816 3.958345097281337
0.060622914349276975 2.5
0.06117908787541713 3.8731907382273256
0.06173526140155729 3.8731907382273256
0.06229143492769744 3.8731907382273256
0.06284760845383759 3.8731907382273256
0.06340378197997776 3.8731907382273256
0.06395995550611791 3.676414011474473
0.06451612903225806 3.676414011474473
0.06507230255839822 3.676414011474473
0.06562847608453838 3.676414011474473
0.06618464961067853 3.676414011474473
0.06674082313681869 2.5
0.06729699666295884 3.178770218334567
0.067853170189099 3.178770218334567
0.06840934371523916 3.178770218334567
0.06896551724137931 3.178770218334567
0.06952169076751946 2.5
0.07007786429365963 3.135489678166117
0.07063403781979978 3.135489678166117
0.07119021134593993 3.135489678166117
0.07174638487208009 3.135489678166117
0.07230255839822024 3.135489678166117
0.0728587319243604 3.5355918511652513
0.07341490545050056 3.5355918511652513
0.07397107897664071 3.5355918511652513
0.07452725250278086 3.5355918511652513
0.07508342602892103 3.5355918511652513
0.07563959955506118 2.5
0.07619577308120133 4.104534569880739
0.07675194660734148 4.104534569880739
0.07730812013348165 4.104534569880739
0.0778642936596218 4.104534569880739
0.07842046718576196 4.104534569880739
0.07897664071190211 4.157569331228993
0.07953281423804227 4.157569331228993
0.08008898776418243 4.157569331228993
0.08064516129032258 4.157569331228993
0.08120133481646273 4.157569331228993
0.0817575083426029 4.010287423161559
0.08231368186874305 4.010287423161559
0.0828698553948832 4.010287423161559
0.08342602892102335 4.010287423161559
0.08398220244716352 4.010287423161559
0.08453837597330367 2.5
0.08509454949944383 3.6210155016398566
0.08565072302558398 3.6210155016398566
0.08620689655172414 3.6210155016398566
0.0867630700778643 3.6210155016398566
0.08731924360400445 3.6210155016398566
0.0878754171301446 3.605537387426405
0.08843159065628477 3.605537387426405
0.08898776418242492 3.605537387426405
0.08954393770856507 3.605537387426405
0.09010011123470522 3.605537387426405
0.09065628476084538 2.5
0.09121245828698554 3.8275846860309937
0.0917686318131257 3.8275846860309937
0.09232480533926585 3.8275846860309937
0.092880978865406 3.8275846860309937
0.09343715239154617 3.8275846860309937
0.09399332591768632 4.108707333262346
0.09454949944382647 4.108707333262346
0.09510567296996662 4.108707333262346
0.09566184649610679 4.108707333262346
0.09621802002224694 4.108707333262346
0.0967741935483871 4.097094222131483
0.09733036707452725 4.097094222131483
0.09788654060066741 4.097094222131483
0.09844271412680757 4.097094222131483
0.09899888765294772 4.097094222131483
0.09955506117908787 2.5
0.10011123470522804 3.920917744619549
0.10066740823136819 3.920917744619549
0.10122358175750834 3.920917744619549
0.1017797552836485 3.920917744619549
0.10233592880978866 3.920917744619549
0.10289210233592881 3.8918026286113565
0.10344827586206896 3.8918026286113565
0.10400444938820912 3.8918026286113565
0.10456062291434928 3.8918026286113565
0.10511679644048944 3.8918026286113565
0.10567296996662959 2.5
0.10622914349276974 3.9913414299807197
0.10678531701890989 3.9913414299807197
0.10734149054505006 3.9913414299807197
0.10789766407119021 3.9913414299807197
0.10845383759733036 2.5
0.10901001112347052 3.966809941117768
0.10956618464961068 3.966809941117768
0.11012235817575083 3.966809941117768
0.11067853170189099 3.966809941117768
0.11123470522803114 3.966809941117768
0.1117908787541713 3.9223428005197656
0.11234705228031146 3.9223428005197656
0.11290322580645161 3.9223428005197656
0.11345939933259176 3.9223428005197656
0.11401557285873193 3.9223428005197656
0.11457174638487208 2.5
0.11512791991101223 3.977254592831698
0.11568409343715239 3.977254592831698
