# name: x
# type: matrix
# rows: 900
# columns: 2
0.0 2.5
0.0005561735261401557 2.5
0.0011123470522803114 2.5
0.001668520578420467 2.5
0.002224694104560623 2.5
0.0027808676307007787 3.644589172694394
0.003337041156840934 3.644589172694394
0.00389321468298109 3.644589172694394
0.004449388209121246 3.644589172694394
0.005005561735261402 2.5
0.0055617352614015575 2.5
0.006117908787541713 2.5
0.006674082313681868 2.5
0.007230255839822024 2.5
0.00778642936596218 2.5
0.008342602892102336 2.5
0.008898776418242492 2.5
0.009454949944382647 2.5
0.010011123470522803 2.5
0.010567296996662959 2.5
0.011123470522803115 2.5
0.01167964404894327 2.5
0.012235817575083427 2.5
0.012791991101223582 4.04372501682098
0.013348164627363737 4.04372501682098
0.013904338153503892 4.04372501682098
0.014460511679644048 4.04372501682098
0.015016685205784204 2.5
0.01557285873192436 2.5
0.016129032258064516 2.5
0.01668520578420467 2.5
0.017241379310344827 2.5
0.017797552836484983 2.5
0.01835372636262514 2.5
0.018909899888765295 2.5
0.01946607341490545 2.5
0.020022246941045607 2.5
0.020578420467185762 2.5
0.021134593993325918 2.5
0.021690767519466074 2.5
0.02224694104560623 2.5
0.022803114571746386 4.009434154724357
0.02335928809788654 4.009434154724357
0.023915461624026697 4.009434154724357
0.024471635150166853 4.009434154724357
0.02502780867630701 2.5
0.025583982202447165 2.5
0.02614015572858732 2.5
0.026696329254727473 2.5
0.02725250278086763 2.5
0.027808676307007785 2.5
0.02836484983314794 2.5
0.028921023359288096 2.5
0.029477196885428252 2.5
0.030033370411568408 2.5
0.030589543937708564 2.5
0.03114571746384872 2.5
0.03170189098998888 2.5
0.03225806451612903 2.5
0.03281423804226919 3.9233977481760927
0.03337041156840934 3.9233977481760927
0.0339265850945495 3.9233977481760927
0.034482758620689655 3.9233977481760927
0.035038932146829814 2.5
0.035595105672969966 2.5
0.03615127919911012 2.5
0.03670745272525028 2.5
0.03726362625139043 2.5
0.03781979977753059 2.5
0.03837597330367074 2.5
0.0389321468298109 2.5
0.039488320355951054 2.5
0.04004449388209121 2.5
0.040600667408231365 2.5
0.041156840934371525 2.5
0.04171301446051168 2.5
0.042269187986651836 2.5
0.04282536151279199 3.8976590692114206
0.04338153503893215 3.8976590692114206
0.0439377085650723 3.8976590692114206
0.04449388209121246 3.8976590692114206
0.04505005561735261 2.5
0.04560622914349277 2.5
0.046162402669632924 2.5
0.04671857619577308 2.5
0.047274749721913235 2.5
0.047830923248053395 2.5
0.04838709677419355 2.5
0.048943270300333706 2.5
0.04949944382647386 2.5
0.05005561735261402 2.5
0.05061179087875417 2.5
0.05116796440489433 2.5
0.05172413793103448 2.5
0.05228031145717464 2.5
0.052836484983314794 3.778909066068487
0.053392658509454946 3.778909066068487
0.053948832035595105 3.778909066068487
0.05450500556173526 2.5
0.05506117908787542 2.5
0.05561735261401557 2.5
0.05617352614015573 2.5
0.05672969966629588 2.5
0.05728587319243604 2.5
0.05784204671857619 2.5
0.05839822024471635 2.5
0.058954393770856504 2.5
0.059510567296996664 2.5
0.060066740823136816 2.5
0.060622914349276975 2.5
0.06117908787541713 2.5
0.06173526140155729 2.5
0.06229143492769744 2.5
0.06284760845383759 3.599203835208701
0.06340378197997776 3.599203835208701
0.06395995550611791 3.599203835208701
0.06451612903225806 2.5
0.06507230255839822 2.5
0.06562847608453838 2.5
0.06618464961067853 2.5
0.06674082313681869 2.5
0.06729699666295884 2.5
0.067853170189099 2.5
0.06840934371523916 2.5
0.06896551724137931 2.5
0.06952169076751946 2.5
0.07007786429365963 2.5
0.07063403781979978 2.5
0.07119021134593993 2.5
0.07174638487208009 2.5
0.07230255839822024 2.5
0.0728587319243604 3.8915039889484397
0.07341490545050056 3.8915039889484397
0.07397107897664071 3.8915039889484397
0.07452725250278086 2.5
0.07508342602892103 2.5
0.07563959955506118 2.5
0.07619577308120133 2.5
0.07675194660734148 2.5
0.07730812013348165 2.5
0.0778642936596218 2.5
0.07842046718576196 2.5
0.07897664071190211 2.5
0.07953281423804227 2.5
0.08008898776418243 2.5
0.08064516129032258 2.5
0.08120133481646273 2.5
0.0817575083426029 2.5
0.08231368186874305 2.5
0.0828698553948832 3.6445962317232126
0.08342602892102335 3.6445962317232126
0.08398220244716352 3.6445962317232126
0.08453837597330367 2.5
0.08509454949944383 2.5
0.08565072302558398 2.5
0.08620689655172414 2.5
0.0867630700778643 2.5
0.08731924360400445 2.5
0.0878754171301446 2.5
0.08843159065628477 2.5
0.08898776418242492 2.5
0.08954393770856507 2.5
0.09010011123470522 2.5
0.09065628476084538 2.5
0.09121245828698554 2.5
0.0917686318131257 2.5
0.09232480533926585 2.5
0.092880978865406 4.156682566662878
0.09343715239154617 4.156682566662878
0.09399332591768632 4.156682566662878
0.09454949944382647 2.5
0.09510567296996662 2.5
0.09566184649610679 2.5
0.09621802002224694 2.5
0.0967741935483871 2.5
0.09733036707452725 2.5
0.09788654060066741 2.5
0.09844271412680757 2.5
0.09899888765294772 2.5
0.09955506117908787 2.5
0.10011123470522804 2.5
0.10066740823136819 2.5
0.10122358175750834 2.5
0.1017797552836485 2.5
0.10233592880978866 2.5
0.10289210233592881 3.9422692492738567
0.10344827586206896 3.9422692492738567
0.10400444938820912 3.9422692492738567
0.10456062291434928 2.5
0.10511679644048944 2.5
0.10567296996662959 2.5
0.10622914349276974 2.5
0.10678531701890989 2.5
0.10734149054505006 2.5
0.10789766407119021 2.5
0.10845383759733036 2.5
0.10901001112347052 2.5
0.10956618464961068 2.5
0.11012235817575083 2.5
0.11067853170189099 2.5
0.11123470522803114 2.5
0.1117908787541713 2.5
0.11234705228031146 2.5
0.11290322580645161 3.9660256737443857
0.11345939933259176 3.9660256737443857
0.11401557285873193 3.9660256737443857
0.11457174638487208 2.5
0.11512791991101223 2.5
0.11568409343715239 2.5
0.11624026696329255 2.5
0.1167964404894327 2.5
0.11735261401557286 2.5
0.11790878754171301 2.5
0.11846496106785318 2.5
0.11902113459399333 2.5
0.11957730812013348 2.5
0.12013348164627363 2.5
0.1206896551724138 2.5
0.12124582869855395 2.5
0.1218020022246941 2.5
0.12235817575083426 2.5
0.12291434927697442 3.9492019478770866
0.12347052280311457 3.9492019478770866
0.12402669632925473 3.9492019478770866
0.12458286985539488 2.5
0.12513904338153503 2.5
0.12569521690767518 2.5
0.12625139043381534 2.5
0.12680756395995552 2.5
0.12736373748609567 2.5
0.12791991101223582 2.5
0.12847608453837597 2.5
0.12903225806451613 2.5
0.12958843159065628 2.5
0.13014460511679643 2.5
0.13070077864293658 2.5
0.13125695216907676 2.5
0.13181312569521692 2.5
0.13236929922135707 2.5
0.13292547274749722 3.910784215986418
0.13348164627363737 3.910784215986418
0.13403781979977752 3.910784215986418
0.13459399332591768 2.5
0.13515016685205783 2.5
0.135706340378198 2.5
0.13626251390433816 2.5
0.13681868743047831 2.5
0.13737486095661847 2.5
0.13793103448275862 2.5
0.13848720800889877 2.5
0.13904338153503892 2.5
0.13959955506117908 2.5
0.14015572858731926 2.5
0.1407119021134594 2.5
0.14126807563959956 2.5
0.1418242491657397 2.5
0.14238042269187987 2.5
0.14293659621802002 3.79261871991584
0.14349276974416017 3.79261871991584
0.14404894327030032 3.79261871991584
0.14460511679644047 2.5
0.14516129032258066 2.5
0.1457174638487208 2.5
0.14627363737486096 2.5
0.1468298109010011 2.5
0.14738598442714126 2.5
0.14794215795328142 2.5
0.14849833147942157 2.5
0.14905450500556172 2.5
0.1496106785317019 2.5
0.15016685205784205 2.5
0.1507230255839822 2.5
0.15127919911012236 2.5
0.1518353726362625 2.5
0.15239154616240266 2.5
0.15294771968854282 3.400316174403648
0.15350389321468297 3.400316174403648
0.15406006674082315 3.400316174403648
0.1546162402669633 2.5
0.15517241379310345 2.5
0.1557285873192436 2.5
0.15628476084538376 2.5
0.1568409343715239 2.5
0.15739710789766406 2.5
0.15795328142380421 2.5
0.1585094549499444 2.5
