# name: x
# type: matrix
# rows: 900
# columns: 2
0.0 2.5
0.0005561735261401557 3.3671561369801086
0.0011123470522803114 3.3671561369801086
0.001668520578420467 2.5
0.002224694104560623 2.5
0.0027808676307007787 3.8575388711739182
0.003337041156840934 3.8575388711739182
0.00389321468298109 2.5
0.004449388209121246 2.5
0.005005561735261402 4.47201905227478
0.0055617352614015575 2.5
0.006117908787541713 2.5
0.006674082313681868 4.682952060079815
0.007230255839822024 4.682952060079815
0.00778642936596218 2.5
0.008342602892102336 2.5
0.008898776418242492 4.912709424350343
0.009454949944382647 4.912709424350343
0.010011123470522803 2.5
0.010567296996662959 4.988121449742229
0.011123470522803115 4.988121449742229
0.01167964404894327 2.5
0.012235817575083427 2.5
0.012791991101223582 4.610637616678265
0.013348164627363737 4.610637616678265
0.013904338153503892 2.5
0.014460511679644048 2.5
0.015016685205784204 4.012365612560269
0.01557285873192436 2.5
0.016129032258064516 2.5
0.01668520578420467 3.840101038085818
0.017241379310344827 3.840101038085818
0.017797552836484983 2.5
0.01835372636262514 2.5
0.018909899888765295 3.7296702537805717
0.01946607341490545 3.7296702537805717
0.020022246941045607 2.5
0.020578420467185762 3.547877097656729
0.021134593993325918 3.547877097656729
0.021690767519466074 2.5
0.02224694104560623 2.5
0.022803114571746386 3.5467195457907823
0.02335928809788654 3.5467195457907823
0.023915461624026697 2.5
0.024471635150166853 2.5
0.02502780867630701 4.071963136343476
0.025583982202447165 2.5
0.02614015572858732 2.5
0.026696329254727473 4.4632019254993995
0.02725250278086763 4.4632019254993995
0.027808676307007785 2.5
0.02836484983314794 2.5
0.028921023359288096 4.509666862869533
0.029477196885428252 4.509666862869533
0.030033370411568408 2.5
0.030589543937708564 4.300017374765411
0.03114571746384872 4.300017374765411
0.03170189098998888 2.5
0.03225806451612903 2.5
0.03281423804226919 4.0265072940573905
0.03337041156840934 4.0265072940573905
0.0339265850945495 2.5
0.034482758620689655 2.5
0.035038932146829814 3.921043894587516
0.035595105672969966 2.5
0.03615127919911012 2.5
0.03670745272525028 3.8988310018842514
0.03726362625139043 3.8988310018842514
0.03781979977753059 2.5
0.03837597330367074 2.5
0.0389321468298109 3.863460452529634
0.039488320355951054 3.863460452529634
0.04004449388209121 2.5
0.040600667408231365 3.87202800680684
0.041156840934371525 3.87202800680684
0.04171301446051168 2.5
0.042269187986651836 2.5
0.04282536151279199 3.8884202707524134
0.04338153503893215 3.8884202707524134
0.0439377085650723 2.5
0.04449388209121246 2.5
0.04505005561735261 3.8967858654608194
0.04560622914349277 2.5
0.046162402669632924 2.5
0.04671857619577308 3.9065539908216285
0.047274749721913235 3.9065539908216285
0.047830923248053395 2.5
0.04838709677419355 2.5
0.048943270300333706 3.9496747733190585
0.04949944382647386 3.9496747733190585
0.05005561735261402 2.5
0.05061179087875417 3.8796598962429623
0.05116796440489433 3.8796598962429623
0.05172413793103448 2.5
0.05228031145717464 2.5
0.052836484983314794 3.7311359291115105
0.053392658509454946 3.7311359291115105
0.053948832035595105 2.5
0.05450500556173526 3.7626607327661636
0.05506117908787542 3.7626607327661636
0.05561735261401557 2.5
0.05617352614015573 2.5
0.05672969966629588 3.905104729461306
0.05728587319243604 3.905104729461306
0.05784204671857619 2.5
0.05839822024471635 2.5
0.058954393770856504 3.9482913664746038
0.059510567296996664 2.5
0.060066740823136816 2.5
0.060622914349276975 3.9043739747750665
0.06117908787541713 3.9043739747750665
0.06173526140155729 2.5
0.06229143492769744 2.5
0.06284760845383759 3.808956509593742
0.06340378197997776 3.808956509593742
0.06395995550611791 2.5
0.06451612903225806 3.643925982908476
0.06507230255839822 3.643925982908476
0.06562847608453838 2.5
0.06618464961067853 2.5
0.06674082313681869 3.2788881687031197
0.06729699666295884 3.2788881687031197
0.067853170189099 2.5
0.06840934371523916 2.5
0.06896551724137931 3.0957427063197605
0.06952169076751946 2.5
0.07007786429365963 2.5
0.07063403781979978 3.164356429662656
0.07119021134593993 3.164356429662656
0.07174638487208009 2.5
0.07230255839822024 2.5
0.0728587319243604 3.4909164297732884
0.07341490545050056 3.4909164297732884
0.07397107897664071 2.5
0.07452725250278086 3.830398198998483
0.07508342602892103 3.830398198998483
0.07563959955506118 2.5
0.07619577308120133 2.5
0.07675194660734148 4.115088005911732
0.07730812013348165 4.115088005911732
0.0778642936596218 2.5
0.07842046718576196 2.5
0.07897664071190211 4.158414154917962
0.07953281423804227 2.5
0.08008898776418243 2.5
0.08064516129032258 4.115853035860118
0.08120133481646273 4.115853035860118
0.0817575083426029 2.5
0.08231368186874305 2.5
0.0828698553948832 3.904796102812649
0.08342602892102335 3.904796102812649
0.08398220244716352 2.5
0.08453837597330367 3.682128160471148
0.08509454949944383 3.682128160471148
0.08565072302558398 2.5
0.08620689655172414 2.5
0.0867630700778643 3.573080793067745
0.08731924360400445 3.573080793067745
0.0878754171301446 2.5
0.08843159065628477 2.5
0.08898776418242492 3.6657054572138628
0.08954393770856507 2.5
0.09010011123470522 2.5
0.09065628476084538 3.7766403140067224
0.09121245828698554 3.7766403140067224
0.0917686318131257 2.5
0.09232480533926585 2.5
0.092880978865406 3.985490100576389
0.09343715239154617 3.985490100576389
0.09399332591768632 2.5
0.09454949944382647 4.13483226069201
0.09510567296996662 4.13483226069201
0.09566184649610679 2.5
0.09621802002224694 2.5
0.0967741935483871 4.112638978008517
0.09733036707452725 4.112638978008517
0.09788654060066741 2.5
0.09844271412680757 2.5
0.09899888765294772 3.9806712969830857
0.09955506117908787 2.5
0.10011123470522804 2.5
0.10066740823136819 3.9126922724189224
0.10122358175750834 3.9126922724189224
0.1017797552836485 2.5
0.10233592880978866 2.5
0.10289210233592881 3.891549181504666
0.10344827586206896 3.891549181504666
0.10400444938820912 2.5
0.10456062291434928 3.932461555007875
0.10511679644048944 3.932461555007875
0.10567296996662959 2.5
0.10622914349276974 2.5
0.10678531701890989 3.9954981446005906
0.10734149054505006 3.9954981446005906
0.10789766407119021 2.5
0.10845383759733036 2.5
0.10901001112347052 3.9770745489387447
0.10956618464961068 2.5
0.11012235817575083 2.5
0.11067853170189099 3.929113115373823
0.11123470522803114 3.929113115373823
0.1117908787541713 2.5
0.11234705228031146 2.5
0.11290322580645161 3.933999300005833
0.11345939933259176 3.933999300005833
0.11401557285873193 2.5
0.11457174638487208 3.9604576516729457
0.11512791991101223 3.9604576516729457
0.11568409343715239 2.5
0.11624026696329255 2.5
0.1167964404894327 4.008097539875028
0.11735261401557286 4.008097539875028
0.11790878754171301 2.5
0.11846496106785318 2.5
0.11902113459399333 4.025367055983944
0.11957730812013348 2.5
0.12013348164627363 2.5
0.1206896551724138 4.011867497817547
0.12124582869855395 4.011867497817547
0.1218020022246941 2.5
0.12235817575083426 2.5
0.12291434927697442 3.960304509091375
0.12347052280311457 3.960304509091375
0.12402669632925473 2.5
0.12458286985539488 3.949594006211945
0.12513904338153503 3.949594006211945
0.12569521690767518 2.5
0.12625139043381534 2.5
0.12680756395995552 3.9903420011460398
0.12736373748609567 3.9903420011460398
0.12791991101223582 2.5
0.12847608453837597 2.5
0.12903225806451613 4.039558939873418
0.12958843159065628 2.5
0.13014460511679643 2.5
0.13070077864293658 4.040798326501015
0.13125695216907676 4.040798326501015
0.13181312569521692 2.5
0.13236929922135707 2.5
0.13292547274749722 3.9920702685775034
0.13348164627363737 3.9920702685775034
0.13403781979977752 2.5
0.13459399332591768 3.925346382709742
0.13515016685205783 3.925346382709742
0.135706340378198 2.5
0.13626251390433816 2.5
