# name: x
# type: matrix
# rows: 900
# columns: 2
0.500277932184547 0.2996832824447236
0.5008337965536409 0.2996832824447236
0.5013896609227348 0.33615068737979503
0.5019455252918288 0.33615068737979503
0.5025013896609227 0.31184605020658046
0.5030572540300167 0.0
0.5036131183991106 0.2331623740872907
0.5041689827682045 0.0
0.5047248471372985 0.15447869796800096
0.5052807115063924 0.10082481269721034
0.5058365758754864 0.10082481269721034
0.5063924402445803 0.15870879102503432
0.5069483046136742 0.15870879102503432
0.5075041689827682 0.2165927693528583
0.5080600333518621 0.0
0.5086158977209561 0.2744767476806822
0.50917176209005 0.0
0.5097276264591439 0.3282252541607804
0.5102834908282379 0.3811789849508451
0.5108393551973318 0.3811789849508451
0.5113952195664258 0.43413271574090984
0.5119510839355197 0.43413271574090984
0.5125069483046136 0.4309568037808841
0.5130628126737076 0.0
0.5136186770428015 0.3703600394269895
0.5141745414118954 0.0
0.5147304057809894 0.30976327507309487
0.5152862701500833 0.24673232697950362
0.5158421345191773 0.24673232697950362
0.5163979988882712 0.16988955954147258
0.5169538632573651 0.16988955954147258
0.5175097276264591 0.09304679210344155
0.518065591995553 0.0
0.518621456364647 0.016204024665410544
0.5191773207337409 0.0
0.5197331851028348 0.0568063284777273
0.5202890494719288 0.12579444270021833
0.5208449138410227 0.12579444270021833
0.5214007782101167 0.19478255692270938
0.5219566425792107 0.19478255692270938
0.5225125069483046 0.22262039752053442
0.5230683713173986 0.0
0.5236242356864925 0.20232018218007322
0.5241801000555865 0.0
0.5247359644246804 0.18201996683961202
0.5252918287937743 0.16614968345438288
0.5258476931628683 0.16614968345438288
0.5264035575319622 0.18391123979823754
0.5269594219010562 0.18391123979823754
0.5275152862701501 0.20167279614209216
0.528071150639244 0.0
0.528627015008338 0.2194343524859468
0.5291828793774319 0.0
0.5297387437465259 0.2427250421491044
0.5302946081156198 0.2676495571691789
0.5308504724847137 0.2676495571691789
0.5314063368538077 0.29257407218925335
0.5319622012229016 0.29257407218925335
0.5325180655919955 0.31563339282042735
0.5330739299610895 0.0
0.5336297943301834 0.33619411189150955
0.5341856586992774 0.0
0.5347415230683713 0.35675483096259175
0.5352973874374652 0.367988347722603
0.5358532518065592 0.367988347722603
0.5364091161756531 0.27609610344654295
0.5369649805447471 0.27609610344654295
0.537520844913841 0.18420385917048288
0.5380767092829349 0.0
0.5386325736520289 0.0923116148944228
0.5391884380211228 0.0
0.5397443023902168 0.11833187100947054
0.5403001667593107 0.18611280434636085
0.5408560311284046 0.18611280434636085
0.5414118954974986 0.2538937376832512
0.5419677598665925 0.2538937376832512
0.5425236242356865 0.26581087257095626
0.5430794886047804 0.0
0.5436353529738743 0.19179829371510831
0.5441912173429683 0.0
0.5447470817120622 0.1177857148592604
0.5453029460811561 0.05154823781356614
0.5458588104502501 0.05154823781356614
0.546414674819344 0.13461372931134613
0.546970539188438 0.13461372931134613
0.5475264035575319 0.2176792208091261
0.5480822679266258 0.0
0.5486381322957198 0.3007447123069061
0.5491939966648137 0.0
0.5497498610339077 0.3103470420161961
0.5503057254030016 0.2892119387570651
0.5508615897720955 0.2892119387570651
0.5514174541411895 0.2680768354979341
0.5519733185102834 0.2680768354979341
0.5525291828793774 0.24091887184464278
0.5530850472484713 0.0
0.5536409116175653 0.2030784322417859
0.5541967759866593 0.0
0.5547526403557532 0.16523799263892908
0.5553085047248472 0.12835527340343877
0.5558643690939411 0.12835527340343877
0.556420233463035 0.15017283168422094
0.556976097832129 0.15017283168422094
0.5575319622012229 0.17199038996500307
0.5580878265703169 0.0
0.5586436909394108 0.19380794824578523
0.5591995553085047 0.0
0.5597554196775987 0.20599394235360874
0.5603112840466926 0.21346967948043505
0.5608671484157866 0.21346967948043505
0.5614230127848805 0.22094541660726136
0.5619788771539744 0.22094541660726136
0.5625347415230684 0.21997356048228545
0.5630906058921623 0.0
0.5636464702612562 0.2016228110826465
0.5642023346303502 0.18327206168300758
0.5647581989994441 0.18327206168300758
0.5653140633685381 0.16492131228336865
0.565869927737632 0.16492131228336865
0.566425792106726 0.1619039327234115
0.5669816564758199 0.1619039327234115
0.5675375208449138 0.15915794024026161
0.5680933852140078 0.0
0.5686492495831017 0.15641194775711173
0.5692051139521956 0.1595876642879766
0.5697609783212896 0.1595876642879766
0.5703168426903835 0.16612149882364316
0.5708727070594775 0.16612149882364316
0.5714285714285714 0.17265533335930974
0.5719844357976653 0.17265533335930974
0.5725403001667593 0.1871277866028287
0.5730961645358532 0.0
0.5736520289049472 0.2206963249385766
0.5742078932740411 0.2542648632743245
0.574763757643135 0.2542648632743245
0.575319622012229 0.2878334016100724
0.5758754863813229 0.2878334016100724
0.5764313507504168 0.21966983473727858
0.5769872151195108 0.21966983473727858
0.5775430794886047 0.14605761388575159
0.5780989438576987 0.0
0.5786548082267926 0.07244539303421643
0.5792106725958865 0.10333179429835429
0.5797665369649805 0.10333179429835429
0.5803224013340744 0.2025353257288258
0.5808782657031684 0.2025353257288258
0.5814341300722623 0.30173885715929727
0.5819899944413562 0.30173885715929727
0.5825458588104502 0.3535707761238445
0.5831017231795441 0.0
0.5836575875486381 0.2707163110593073
0.584213451917732 0.18786184599477015
0.5847693162868259 0.18786184599477015
0.58532518065592 0.10500738093023304
0.5858810450250139 0.10500738093023304
0.5864369093941079 0.09743567776578226
0.5869927737632018 0.09743567776578226
0.5875486381322957 0.09679284823128839
0.5881045025013897 0.0
0.5886603668704836 0.09615001869679451
0.5892162312395776 0.1640269277305343
0.5897720956086715 0.1640269277305343
0.5903279599777654 0.28333375763340396
0.5908838243468594 0.28333375763340396
0.5914396887159533 0.40264058753627374
0.5919955530850473 0.40264058753627374
0.5925514174541412 0.47731084443261057
0.5931072818232351 0.0
0.5936631461923291 0.3997690706636109
0.594219010561423 0.32222729689461116
0.594774874930517 0.32222729689461116
0.5953307392996109 0.24468552312561143
0.5958866036687048 0.24468552312561143
0.5964424680377988 0.271708911655734
0.5969983324068927 0.271708911655734
0.5975541967759866 0.31268489197102933
0.5981100611450806 0.0
0.5986659255141745 0.3536608722863247
0.5992217898832685 0.3260174916165515
0.5997776542523624 0.3260174916165515
0.6003335186214563 0.23939901338374536
0.6008893829905503 0.23939901338374536
0.6014452473596442 0.15278053515093923
0.6020011117287382 0.0
0.6025569760978321 0.08424647542014245
0.603112840466926 0.0
0.60366870483602 0.09117888182579995
0.6042245692051139 0.09811128823145744
0.6047804335742079 0.09811128823145744
0.6053362979433018 0.10504369463711494
0.6058921623123957 0.10504369463711494
0.6064480266814897 0.1319268260874617
0.6070038910505836 0.0
0.6075597554196775 0.16236304174592714
0.6081156197887715 0.0
0.6086714841578654 0.19279925740439258
0.6092273485269594 0.25122298343511273
0.6097832128960533 0.25122298343511273
0.6103390772651472 0.3371516765558155
0.6108949416342412 0.3371516765558155
0.6114508060033351 0.42308036967651835
0.6120066703724291 0.0
0.612562534741523 0.49318229166248695
0.6131183991106169 0.0
0.6136742634797109 0.4801108891913988
0.6142301278488048 0.46703948672031076
0.6147859922178988 0.46703948672031076
0.6153418565869927 0.45396808424922264
0.6158977209560866 0.45396808424922264
0.6164535853251806 0.42201151146420074
0.6170094496942746 0.0
0.6175653140633686 0.3857790510609279
0.6181211784324625 0.0
0.6186770428015564 0.34954659065765503
0.6192329071706504 0.3244661173674923
0.6197887715397443 0.3244661173674923
