# name: x
# type: matrix
# rows: 900
# columns: 2
0.500277932184547 0.0
0.5008337965536409 0.0
0.5013896609227348 0.0
0.5019455252918288 0.0
0.5025013896609227 0.0
0.5030572540300167 0.0
0.5036131183991106 0.0
0.5041689827682045 0.0
0.5047248471372985 0.0
0.5052807115063924 0.0
0.5058365758754864 0.0
0.5063924402445803 0.0
0.5069483046136742 0.0
0.5075041689827682 0.0
0.5080600333518621 0.26289995201511873
0.5086158977209561 0.26289995201511873
0.50917176209005 0.26289995201511873
0.5097276264591439 0.26289995201511873
0.5102834908282379 0.0
0.5108393551973318 0.0
0.5113952195664258 0.0
0.5119510839355197 0.0
0.5125069483046136 0.0
0.5130628126737076 0.0
0.5136186770428015 0.0
0.5141745414118954 0.0
0.5147304057809894 0.0
0.5152862701500833 0.0
0.5158421345191773 0.0
0.5163979988882712 0.0
0.5169538632573651 0.0
0.5175097276264591 0.0
0.518065591995553 0.031572578153015035
0.518621456364647 0.031572578153015035
0.5191773207337409 0.031572578153015035
0.5197331851028348 0.031572578153015035
0.5202890494719288 0.0
0.5208449138410227 0.0
0.5214007782101167 0.0
0.5219566425792107 0.0
0.5225125069483046 0.0
0.5230683713173986 0.0
0.5236242356864925 0.0
0.5241801000555865 0.0
0.5247359644246804 0.0
0.5252918287937743 0.0
0.5258476931628683 0.0
0.5264035575319622 0.0
0.5269594219010562 0.0
0.5275152862701501 0.0
0.528071150639244 0.21588204121717627
0.528627015008338 0.21588204121717627
0.5291828793774319 0.21588204121717627
0.5297387437465259 0.21588204121717627
0.5302946081156198 0.0
0.5308504724847137 0.0
0.5314063368538077 0.0
0.5319622012229016 0.0
0.5325180655919955 0.0
0.5330739299610895 0.0
0.5336297943301834 0.0
0.5341856586992774 0.0
0.5347415230683713 0.0
0.5352973874374652 0.0
0.5358532518065592 0.0
0.5364091161756531 0.0
0.5369649805447471 0.0
0.537520844913841 0.0
0.5380767092829349 0.11069006374963275
0.5386325736520289 0.11069006374963275
0.5391884380211228 0.11069006374963275
0.5397443023902168 0.11069006374963275
0.5403001667593107 0.0
0.5408560311284046 0.0
0.5414118954974986 0.0
0.5419677598665925 0.0
0.5425236242356865 0.0
0.5430794886047804 0.0
0.5436353529738743 0.0
0.5441912173429683 0.0
0.5447470817120622 0.0
0.5453029460811561 0.0
0.5458588104502501 0.0
0.546414674819344 0.0
0.546970539188438 0.0
0.5475264035575319 0.0
0.5480822679266258 0.28413161400735193
0.5486381322957198 0.28413161400735193
0.5491939966648137 0.28413161400735193
0.5497498610339077 0.28413161400735193
0.5503057254030016 0.0
0.5508615897720955 0.0
0.5514174541411895 0.0
0.5519733185102834 0.0
0.5525291828793774 0.0
0.5530850472484713 0.0
0.5536409116175653 0.0
0.5541967759866593 0.0
0.5547526403557532 0.0
0.5553085047248472 0.0
0.5558643690939411 0.0
0.556420233463035 0.0
0.556976097832129 0.0
0.5575319622012229 0.0
0.5580878265703169 0.18944443658962928
0.5586436909394108 0.18944443658962928
0.5591995553085047 0.18944443658962928
0.5597554196775987 0.18944443658962928
0.5603112840466926 0.0
0.5608671484157866 0.0
0.5614230127848805 0.0
0.5619788771539744 0.0
0.5625347415230684 0.0
0.5630906058921623 0.0
0.5636464702612562 0.0
0.5642023346303502 0.0
0.5647581989994441 0.0
0.5653140633685381 0.0
0.565869927737632 0.0
0.566425792106726 0.0
0.5669816564758199 0.0
0.5675375208449138 0.0
0.5680933852140078 0.15696114625374163
0.5686492495831017 0.15696114625374163
0.5692051139521956 0.15696114625374163
0.5697609783212896 0.15696114625374163
0.5703168426903835 0.0
0.5708727070594775 0.0
0.5714285714285714 0.0
0.5719844357976653 0.0
0.5725403001667593 0.0
0.5730961645358532 0.0
0.5736520289049472 0.0
0.5742078932740411 0.0
0.574763757643135 0.0
0.575319622012229 0.0
0.5758754863813229 0.0
0.5764313507504168 0.0
0.5769872151195108 0.0
0.5775430794886047 0.0
0.5780989438576987 0.08716783720451368
0.5786548082267926 0.08716783720451368
0.5792106725958865 0.08716783720451368
0.5797665369649805 0.08716783720451368
0.5803224013340744 0.0
0.5808782657031684 0.0
0.5814341300722623 0.0
0.5819899944413562 0.0
0.5825458588104502 0.0
0.5831017231795441 0.0
0.5836575875486381 0.0
0.584213451917732 0.0
0.5847693162868259 0.0
0.58532518065592 0.0
0.5858810450250139 0.0
0.5864369093941079 0.0
0.5869927737632018 0.0
0.5875486381322957 0.0
0.5881045025013897 0.09627858460369328
0.5886603668704836 0.09627858460369328
0.5892162312395776 0.09627858460369328
0.5897720956086715 0.09627858460369328
0.5903279599777654 0.0
0.5908838243468594 0.0
0.5914396887159533 0.0
0.5919955530850473 0.0
0.5925514174541412 0.0
0.5931072818232351 0.0
0.5936631461923291 0.0
0.594219010561423 0.0
0.594774874930517 0.0
0.5953307392996109 0.0
0.5958866036687048 0.0
0.5964424680377988 0.0
0.5969983324068927 0.0
0.5975541967759866 0.0
0.5981100611450806 0.3454656762232665
0.5986659255141745 0.3454656762232665
0.5992217898832685 0.3454656762232665
0.5997776542523624 0.3454656762232665
0.6003335186214563 0.0
0.6008893829905503 0.0
0.6014452473596442 0.0
0.6020011117287382 0.0
0.6025569760978321 0.0
0.603112840466926 0.0
0.60366870483602 0.0
0.6042245692051139 0.0
0.6047804335742079 0.0
0.6053362979433018 0.0
0.6058921623123957 0.0
0.6064480266814897 0.0
0.6070038910505836 0.0
0.6075597554196775 0.0
0.6081156197887715 0.18671201427270018
0.6086714841578654 0.18671201427270018
0.6092273485269594 0.18671201427270018
0.6097832128960533 0.18671201427270018
0.6103390772651472 0.0
0.6108949416342412 0.0
0.6114508060033351 0.0
0.6120066703724291 0.0
0.612562534741523 0.0
0.6131183991106169 0.0
0.6136742634797109 0.0
0.6142301278488048 0.0
0.6147859922178988 0.0
0.6153418565869927 0.0
0.6158977209560866 0.0
0.6164535853251806 0.0
0.6170094496942746 0.0
0.6175653140633686 0.0
0.6181211784324625 0.3567930827383088
0.6186770428015564 0.3567930827383088
0.6192329071706504 0.3567930827383088
0.6197887715397443 0.3567930827383088
0.6203446359088383 0.0
0.6209005002779322 0.0
0.6214563646470261 0.0
0.6220122290161201 0.0
0.622568093385214 0.0
0.623123957754308 0.0
0.6236798221234019 0.0
0.6242356864924958 0.0
0.6247915508615898 0.0
0.6253474152306837 0.0
0.6259032795997777 0.0
0.6264591439688716 0.0
0.6270150083379655 0.0
0.6275708727070595 0.0
0.6281267370761534 0.16953774551328601
0.6286826014452473 0.16953774551328601
0.6292384658143413 0.16953774551328601
0.6297943301834352 0.16953774551328601
0.6303501945525292 0.0
0.6309060589216231 0.0
0.631461923290717 0.0
0.632017787659811 0.0
0.6325736520289049 0.0
0.6331295163979989 0.0
0.6336853807670928 0.0
0.6342412451361867 0.0
0.6347971095052807 0.0
0.6353529738743746 0.0
0.6359088382434686 0.0
0.6364647026125625 0.0
0.6370205669816564 0.0
0.6375764313507504 0.0
0.6381322957198443 0.10460974698928956
0.6386881600889383 0.10460974698928956
0.6392440244580322 0.10460974698928956
0.6397998888271261 0.10460974698928956
0.6403557531962201 0.0
0.640911617565314 0.0
0.641467481934408 0.0
0.6420233463035019 0.0
0.6425792106725958 0.0
0.6431350750416898 0.0
0.6436909394107837 0.0
0.6442468037798776 0.0
0.6448026681489716 0.0
0.6453585325180655 0.0
0.6459143968871595 0.0
0.6464702612562534 0.0
0.6470261256253473 0.0
0.6475819899944413 0.0
0.6481378543635352 0.3946372712632865
0.6486937187326293 0.3946372712632865
0.6492495831017232 0.3946372712632865
0.6498054474708171 0.3946372712632865
0.6503613118399111 0.0
0.650917176209005 0.0
0.651473040578099 0.0
0.6520289049471929 0.0
0.6525847693162868 0.0
0.6531406336853808 0.0
0.6536964980544747 0.0
0.6542523624235687 0.0
0.6548082267926626 0.0
0.6553640911617565 0.0
0.6559199555308505 0.0
0.6564758198999444 0.0
0.6570316842690384 0.0
0.6575875486381323 0.0
0.6581434130072262 0.24938372746759288
0.6586992773763202 0.24938372746759288
0.6592551417454141 0.24938372746759288
0.659811006114508 0.24938372746759288
0.660366870483602 0.0
0.6609227348526959 0.0
